LOAD {
	BACKGROUND1 BG01 0 0

}

MAIN {
	
	320 ENEMY -150 0 3 0
	320 ENEMY -150 0 3 0
	320 ENEMY -150 0 3 0
	320 ENEMY -150 50 3 0
	320 ENEMY -150 50 3 0
	320 ENEMY -150 50 3 0
	320 ENEMY -150 100 3 0
	320 ENEMY -150 100 3 0
	320 ENEMY -150 100 3 0
	320 ENEMY -150 150 3 0
	320 ENEMY -150 150 3 0
	320 ENEMY -150 150 3 0
	320 ENEMY -150 200 3 0
	320 ENEMY -150 200 3 0
	320 ENEMY -150 200 3 0
	320 ENEMY -150 250 3 0
	320 ENEMY -150 250 3 0
	320 ENEMY -150 250 3 0


	320 ENEMY -1150 0 3 0
	320 ENEMY -1150 0 3 0
	320 ENEMY -1150 0 3 0
	320 ENEMY -1150 50 3 0
	320 ENEMY -1150 50 3 0
	320 ENEMY -1150 50 3 0
	320 ENEMY -1150 100 3 0
	320 ENEMY -1150 100 3 0
	320 ENEMY -1150 100 3 0
	320 ENEMY -1150 150 3 0
	320 ENEMY -1150 150 3 0
	320 ENEMY -1150 150 3 0
	320 ENEMY -1150 200 3 0
	320 ENEMY -1150 200 3 0
	320 ENEMY -1150 200 3 0
	320 ENEMY -1150 250 3 0
	320 ENEMY -1150 250 3 0
	320 ENEMY -1150 250 3 0

	320 ENEMY -1650 0 3 0
	320 ENEMY -1650 0 3 0
	320 ENEMY -1650 0 3 0
	320 ENEMY -1650 50 3 0
	320 ENEMY -1650 50 3 0
	320 ENEMY -1650 50 3 0
	320 ENEMY -1650 100 3 0
	320 ENEMY -1650 100 3 0
	320 ENEMY -1650 100 3 0
	320 ENEMY -1650 150 3 0
	320 ENEMY -1650 150 3 0
	320 ENEMY -1650 150 3 0
	320 ENEMY -1650 200 3 0
	320 ENEMY -1650 200 3 0
	320 ENEMY -1650 200 3 0
	320 ENEMY -1650 250 3 0
	320 ENEMY -1650 250 3 0
	320 ENEMY -1650 250 3 0

	320 ENEMY 1150 0 3 0
	320 ENEMY 1150 0 3 0
	320 ENEMY 1150 0 3 0
	320 ENEMY 1150 50 3 0
	320 ENEMY 1150 50 3 0
	320 ENEMY 1150 50 3 0
	320 ENEMY 1150 100 3 0
	320 ENEMY 1150 100 3 0
	320 ENEMY 1150 100 3 0
	320 ENEMY 1150 150 3 0
	320 ENEMY 1150 150 3 0
	320 ENEMY 1150 150 3 0
	320 ENEMY 1150 200 3 0
	320 ENEMY 1150 200 3 0
	320 ENEMY 1150 200 3 0
	320 ENEMY 1150 250 3 0
	320 ENEMY 1150 250 3 0
	320 ENEMY 1150 250 3 0

	320 ENEMY 2150 0 3 0
	320 ENEMY 2150 0 3 0
	320 ENEMY 2150 0 3 0
	320 ENEMY 2150 50 3 0
	320 ENEMY 2150 50 3 0
	320 ENEMY 2150 50 3 0
	320 ENEMY 2150 100 3 0
	320 ENEMY 2150 100 3 0
	320 ENEMY 2150 100 3 0
	320 ENEMY 2150 150 3 0
	320 ENEMY 2150 150 3 0
	320 ENEMY 2150 150 3 0
	320 ENEMY 2150 200 3 0
	320 ENEMY 2150 200 3 0
	320 ENEMY 2150 200 3 0
	320 ENEMY 2150 250 3 0
	320 ENEMY 2150 250 3 0
	320 ENEMY 2150 250 3 0
	
	
	320 ENEMY 0 300 3 0
	320 ENEMY 0 300 3 0
	320 ENEMY 0 300 3 0
	320 ENEMY 50 300 3 0
	320 ENEMY 50 300 3 0
	320 ENEMY 50 300 3 0
	320 ENEMY 150 300 3 0
	320 ENEMY 150 300 3 0
	320 ENEMY 150 300 3 0
	320 ENEMY 200 300 3 0
	320 ENEMY 200 300 3 0
	320 ENEMY 200 300 3 0
	320 ENEMY 250 300 3 0
	320 ENEMY 250 300 3 0
	320 ENEMY 250 300 3 0
	320 ENEMY 320 300 3 0
	320 ENEMY 320 300 3 0
	320 ENEMY 320 300 3 0

	320 ENEMY 0 1300 3 0
	320 ENEMY 0 1300 3 0
	320 ENEMY 0 1300 3 0
	320 ENEMY 50 1300 3 0
	320 ENEMY 50 1300 3 0
	320 ENEMY 50 1300 3 0
	320 ENEMY 150 1300 3 0
	320 ENEMY 150 1300 3 0
	320 ENEMY 150 1300 3 0
	320 ENEMY 200 1300 3 0
	320 ENEMY 200 1300 3 0
	320 ENEMY 200 1300 3 0
	320 ENEMY 250 1300 3 0
	320 ENEMY 250 1300 3 0
	320 ENEMY 250 1300 3 0
	320 ENEMY 320 1300 3 0
	320 ENEMY 320 1300 3 0
	320 ENEMY 320 1300 3 0

	320 ENEMY 0 1800 3 0
	320 ENEMY 0 1800 3 0
	320 ENEMY 0 1800 3 0
	320 ENEMY 50 1800 3 0
	320 ENEMY 50 1800 3 0
	320 ENEMY 50 1800 3 0
	320 ENEMY 150 1800 3 0
	320 ENEMY 150 1800 3 0
	320 ENEMY 150 1800 3 0
	320 ENEMY 200 1800 3 0
	320 ENEMY 200 1800 3 0
	320 ENEMY 200 1800 3 0
	320 ENEMY 250 1800 3 0
	320 ENEMY 250 1800 3 0
	320 ENEMY 250 1800 3 0
	320 ENEMY 320 1800 3 0
	320 ENEMY 320 1800 3 0
	320 ENEMY 320 1800 3 0

	320 ENEMY 0 -150 3 0
	320 ENEMY 0 -150 3 0
	320 ENEMY 0 -150 3 0
	320 ENEMY 50 -150 3 0
	320 ENEMY 50 -150 3 0
	320 ENEMY 50 -150 3 0
	320 ENEMY 150 -150 3 0
	320 ENEMY 150 -150 3 0
	320 ENEMY 150 -150 3 0
	320 ENEMY 200 -150 3 0
	320 ENEMY 200 -150 3 0
	320 ENEMY 200 -150 3 0
	320 ENEMY 250 -150 3 0
	320 ENEMY 250 -150 3 0
	320 ENEMY 250 -150 3 0
	320 ENEMY 320 -150 3 0
	320 ENEMY 320 -150 3 0
	320 ENEMY 320 -150 3 0

	320 ENEMY 0 -1150 3 0
	320 ENEMY 0 -1150 3 0
	320 ENEMY 0 -1150 3 0
	320 ENEMY 50 -1150 3 0
	320 ENEMY 50 -1150 3 0
	320 ENEMY 50 -1150 3 0
	320 ENEMY 150 -1150 3 0
	320 ENEMY 150 -1150 3 0
	320 ENEMY 150 -1150 3 0
	320 ENEMY 200 -1150 3 0
	320 ENEMY 200 -1150 3 0
	320 ENEMY 200 -1150 3 0
	320 ENEMY 250 -1150 3 0
	320 ENEMY 250 -1150 3 0
	320 ENEMY 250 -1150 3 0
	320 ENEMY 320 -1150 3 0
	320 ENEMY 320 -1150 3 0
	320 ENEMY 320 -1150 3 0

	320 ENEMY 0 -1650 3 0
	320 ENEMY 0 -1650 3 0
	320 ENEMY 0 -1650 3 0
	320 ENEMY 50 -1650 3 0
	320 ENEMY 50 -1650 3 0
	320 ENEMY 50 -1650 3 0
	320 ENEMY 150 -1650 3 0
	320 ENEMY 150 -1650 3 0
	320 ENEMY 150 -1650 3 0
	320 ENEMY 200 -1650 3 0
	320 ENEMY 200 -1650 3 0
	320 ENEMY 200 -1650 3 0
	320 ENEMY 250 -1650 3 0
	320 ENEMY 250 -1650 3 0
	320 ENEMY 250 -1650 3 0
	320 ENEMY 320 -1650 3 0
	320 ENEMY 320 -1650 3 0
	320 ENEMY 320 -1650 3 0

	320 WAIT 

	320 BLOCK_SCROLL
	320 WAIT_DURATION 180

	100 LEVEL level3 
}

